-1
kennys
kenny221234
-99
0
123
2
-1
BOT
88888888
-99
1
123
2
-99
0
120
1


-1
test123
123456
-99
0
109
1


-1
test123
123456
-99
0
109
1


-1
test123
123456
-99
0
108
1


-1
test123
123456
-99
0
108
1


-1
test123
123456
-99
0
108
1


-1
test123
123456
-99
0
108
1


-1
test123
123456
-99
0
107
1


-1
test123
123456
-99
0
107
1


-1
test123
123456
-99
0
107
1


-1
test123
123456
-99
0
107
1


-1
test123
123456
-99
0
106
1


-1
test123
123456
-99
0
106
1


-1
test123
123456
-99
0
106
1


-1
test123
123456
-99
0
106
1


-1
test123
123456
-99
0
105
1


-1
test123
123456
-99
0
105
1


-1
test123
123456
-99
0
105
1


-1
test123
123456
-99
0
105
1


-1
test123
123456
-99
0
104
1


-1
test123
123456
-99
0
104
1


-1
test123
123456
-99
0
104
1


-1
test123
123456
-99
0
104
1


-1
test123
123456
-99
0
103
1


-1
test123
123456
-99
0
103
1


-1
test123
123456
-99
0
103
1


-1
test123
123456
-99
0
103
1


-1
test123
123456
-99
0
102
1


-1
test123
123456
-99
0
102
1


-1
test123
123456
-99
0
102
1


-1
test123
123456
-99
0
102
1


-1
test123
123456
-99
0
101
1


-1
test123
123456
-99
0
101
1


-1
test123
123456
-99
0
101
1


-1
test123
123456
-99
0
101
1


-1
test123
123456
-99
0
100
1


-1
test123
123456
-99
0
100
1


-1
test123
123456
-99
0
100
1


-1
test123
123456
-99
0
100
1


-1
test123
123456
-99
0
99
1


-1
test123
123456
-99
0
99
1


-1
test123
123456
-99
0
99
1


-1
test123
123456
-99
0
99
1


-1
test123
123456
-99
0
98
1


-1
test123
123456
-99
0
98
1


-1
test123
123456
-99
0
98
1


-1
test123
123456
-99
0
98
1


-1
test123
123456
-99
0
97
1


-1
test123
123456
-99
0
97
1


-1
test123
123456
-99
0
97
1


-1
test123
123456
-99
0
97
1


-1
test123
123456
-99
0
96
1


-1
test123
123456
-99
0
96
1


-1
test123
123456
-99
0
96
1
